,games_played,icetime,shifts,gameScore,onIce_xGoalsPercentage,offIce_xGoalsPercentage,onIce_corsiPercentage,offIce_corsiPercentage,onIce_fenwickPercentage,offIce_fenwickPercentage,iceTimeRank,I_F_xOnGoal,I_F_xGoals,I_F_xRebounds,I_F_xFreeze,I_F_xPlayStopped,I_F_xPlayContinuedInZone,I_F_xPlayContinuedOutsideZone,I_F_flurryAdjustedxGoals,I_F_scoreVenueAdjustedxGoals,I_F_flurryScoreVenueAdjustedxGoals,I_F_primaryAssists,I_F_secondaryAssists,I_F_shotsOnGoal,I_F_missedShots,I_F_blockedShotAttempts,I_F_shotAttempts,I_F_points,I_F_goals,I_F_rebounds,I_F_reboundGoals,I_F_freeze,I_F_playStopped,I_F_playContinuedInZone,I_F_playContinuedOutsideZone,I_F_savedShotsOnGoal,I_F_savedUnblockedShotAttempts,penalties,I_F_penalityMinutes,I_F_faceOffsWon,I_F_hits,I_F_takeaways,I_F_giveaways,I_F_lowDangerShots,I_F_mediumDangerShots,I_F_highDangerShots,I_F_lowDangerxGoals,I_F_mediumDangerxGoals,I_F_highDangerxGoals,I_F_lowDangerGoals,I_F_mediumDangerGoals,I_F_highDangerGoals,I_F_scoreAdjustedShotsAttempts,I_F_unblockedShotAttempts,I_F_scoreAdjustedUnblockedShotAttempts,I_F_dZoneGiveaways,I_F_xGoalsFromxReboundsOfShots,I_F_xGoalsFromActualReboundsOfShots,I_F_reboundxGoals,I_F_xGoals_with_earned_rebounds,I_F_xGoals_with_earned_rebounds_scoreAdjusted,I_F_xGoals_with_earned_rebounds_scoreFlurryAdjusted,I_F_shifts,I_F_oZoneShiftStarts,I_F_dZoneShiftStarts,I_F_neutralZoneShiftStarts,I_F_flyShiftStarts,I_F_oZoneShiftEnds,I_F_dZoneShiftEnds,I_F_neutralZoneShiftEnds,I_F_flyShiftEnds,faceoffsWon,faceoffsLost,timeOnBench,penalityMinutes,penalityMinutesDrawn,penaltiesDrawn,shotsBlockedByPlayer,OnIce_F_xOnGoal,OnIce_F_xGoals,OnIce_F_flurryAdjustedxGoals,OnIce_F_scoreVenueAdjustedxGoals,OnIce_F_flurryScoreVenueAdjustedxGoals,OnIce_F_shotsOnGoal,OnIce_F_missedShots,OnIce_F_blockedShotAttempts,OnIce_F_shotAttempts,OnIce_F_goals,OnIce_F_rebounds,OnIce_F_reboundGoals,OnIce_F_lowDangerShots,OnIce_F_mediumDangerShots,OnIce_F_highDangerShots,OnIce_F_lowDangerxGoals,OnIce_F_mediumDangerxGoals,OnIce_F_highDangerxGoals,OnIce_F_lowDangerGoals,OnIce_F_mediumDangerGoals,OnIce_F_highDangerGoals,OnIce_F_scoreAdjustedShotsAttempts,OnIce_F_unblockedShotAttempts,OnIce_F_scoreAdjustedUnblockedShotAttempts,OnIce_F_xGoalsFromxReboundsOfShots,OnIce_F_xGoalsFromActualReboundsOfShots,OnIce_F_reboundxGoals,OnIce_F_xGoals_with_earned_rebounds,OnIce_F_xGoals_with_earned_rebounds_scoreAdjusted,OnIce_F_xGoals_with_earned_rebounds_scoreFlurryAdjusted,OnIce_A_xOnGoal,OnIce_A_xGoals,OnIce_A_flurryAdjustedxGoals,OnIce_A_scoreVenueAdjustedxGoals,OnIce_A_flurryScoreVenueAdjustedxGoals,OnIce_A_shotsOnGoal,OnIce_A_missedShots,OnIce_A_blockedShotAttempts,OnIce_A_shotAttempts,OnIce_A_goals,OnIce_A_rebounds,OnIce_A_reboundGoals,OnIce_A_lowDangerShots,OnIce_A_mediumDangerShots,OnIce_A_highDangerShots,OnIce_A_lowDangerxGoals,OnIce_A_mediumDangerxGoals,OnIce_A_highDangerxGoals,OnIce_A_lowDangerGoals,OnIce_A_mediumDangerGoals,OnIce_A_highDangerGoals,OnIce_A_scoreAdjustedShotsAttempts,OnIce_A_unblockedShotAttempts,OnIce_A_scoreAdjustedUnblockedShotAttempts,OnIce_A_xGoalsFromxReboundsOfShots,OnIce_A_xGoalsFromActualReboundsOfShots,OnIce_A_reboundxGoals,OnIce_A_xGoals_with_earned_rebounds,OnIce_A_xGoals_with_earned_rebounds_scoreAdjusted,OnIce_A_xGoals_with_earned_rebounds_scoreFlurryAdjusted,OffIce_F_xGoals,OffIce_A_xGoals,OffIce_F_shotAttempts,OffIce_A_shotAttempts,xGoalsForAfterShifts,xGoalsAgainstAfterShifts,corsiForAfterShifts,corsiAgainstAfterShifts,fenwickForAfterShifts,fenwickAgainstAfterShifts,on_off_corsi_diff,OnIce_F_goals_per60,I_F_dZoneGiveaways_per60,average_TOI,average_corsi_influence
games_played,1.0,0.9939111883043101,0.6864797292491285,0.5800636175626963,0.11362586910873844,0.10408356375835362,0.21201714019759313,0.11951252128679303,0.138598358345959,0.10093195802858168,0.5004369278610332,0.6612394429787831,0.6170254392542728,0.6587305286026692,0.6618117677220292,0.6617218897485109,0.6651810630654783,0.6640954863443287,0.618572352526074,0.6169904390114467,0.6185493155661237,0.5912367952401111,0.6053837919013356,0.6504797856766171,0.6606387277488982,0.6527119946159751,0.6678201614524818,0.6453055666358037,0.5342833012889929,0.5568605280334007,0.29453210106921784,0.6111712642048341,0.49323449173728884,0.6586923479163016,0.6602525788192929,0.6493906024393685,0.6631155861890599,0.5324595118394417,0.4880938990142483,-0.03231898258357247,0.465715164857569,0.555364463211356,0.6196074632037398,0.666648948887067,0.4918266291813259,0.37875764048596283,0.6464686755285541,0.48865211947543674,0.36608475012802594,0.5184417613410236,0.30741489362623853,0.27721163794417486,0.6687497223802104,0.6635723370532993,0.6641719136106188,0.9272589113430597,0.657421720680301,0.5301082018102052,0.43444724844467847,0.631104219164999,0.6309245148053042,0.6308041843587185,0.6864797292491285,0.6357105423399338,0.6725430870226332,0.6813840239109109,0.677894399391534,0.6437855381834026,0.6438459793162592,0.6874842882986832,0.686231015674164,-0.03231898258357247,-0.017262009095306632,0.9981826706665433,0.4880938990142483,0.39865336095094767,0.44499748531747413,0.6567021771705254,0.6863671175556194,0.6804360068099797,0.6817684643279647,0.6808915946984894,0.6822547844375985,0.6849207845119915,0.6827616573498942,0.6859430378391379,0.688110077623841,0.9807937906678398,0.6414305066750376,0.57341165205896,0.6860129484777057,0.6775374528577502,0.6470279487827442,0.6863550813623656,0.6764647579057035,0.6427834809304183,0.6474488047841553,0.6592701371916858,0.6090744259338943,0.6893618321362401,0.686557211131764,0.6873864926262262,0.6862368700906786,0.6283609890223684,0.631654471954349,0.6855075145579884,0.686029349475955,0.6865209446510017,0.6857214120007075,0.6765795240278432,0.6773194347688426,0.6742696087300585,0.6750160494584,0.6836415009708213,0.6829868201573964,0.6862757289498992,0.6887504878974186,0.6559503509137595,0.6483530477617166,0.595741155984171,0.6862101015875819,0.6683062069958945,0.646803388335078,0.6821948174957162,0.667997494674225,0.6449314507082663,0.614412650070441,0.6267527920385352,0.6104291948209923,0.6852234267931797,0.6853698765895903,0.6827067506872653,0.6833316309469938,0.6402895345522739,0.6399111975190328,0.6801508246443935,0.6777728039911821,0.6780028836978181,0.6444434894030869,0.6312916477018828,0.6466845105645757,0.6378572487288234,0.6363675063359692,0.554471251992657,0.6585090109472291,0.6143935948948797,0.659292536787076,0.6098248212086349,0.1357337388055607,0.17495421577841788,-0.0108031296121386,0.6286459149889181,0.13320823413897956
icetime,0.9939111883043101,1.0,0.6911114841783222,0.6045822724110863,0.11509406022046939,0.10147310073546144,0.21143300900858628,0.1112421551689942,0.1392604908793711,0.09534394936281722,0.4680573795887904,0.6779187600028656,0.6369344517221545,0.6757116907734662,0.6776247110128367,0.6780625842197905,0.6814029368623461,0.6805967031122082,0.6383841424653993,0.6368087045938179,0.6382596984953803,0.6097593201692293,0.6225960351996657,0.6680172265876465,0.673248208951689,0.6682399709925856,0.6840952089571498,0.66550922408484,0.5537146579691031,0.5740007883574079,0.3112594708202445,0.6272325088908552,0.5044483403629453,0.6738934578208478,0.6757695577628634,0.6666015490706803,0.6791914665626045,0.5236623680131045,0.4723380822746329,-0.029399018809036313,0.4504076976113876,0.5754707476211507,0.6333009013584311,0.6824003374946443,0.5123777260228976,0.39256713367316853,0.6647950072179747,0.5093751386853983,0.38049509586205243,0.5344419511705182,0.32115961009569943,0.2950173393303522,0.6847705058834961,0.6799224557415336,0.6803461446917224,0.9352570774305865,0.6745456360016864,0.5454588508939893,0.4505609698228796,0.6503052540060472,0.6500310052610382,0.6498355973362202,0.6911114841783222,0.6477507111187066,0.6831027775633997,0.6915727974092896,0.6784609901141518,0.641083608605781,0.6479118515759774,0.6989497819207545,0.6908692387682732,-0.029399018809036313,-0.020241774907871327,0.9858434708597564,0.4723380822746329,0.3853529672363421,0.44208280786385423,0.6610877309653235,0.698470633932468,0.69404833640132,0.6952940405196264,0.6943219613499598,0.6955964947976465,0.697460029707677,0.693295512693434,0.6983775570187976,0.7002724513721822,0.9909324244990313,0.6547670022001946,0.5870022743126629,0.6971700399057731,0.6917156997114102,0.6618569549897306,0.6982172905189586,0.6905738491800604,0.657498941269021,0.6607733795224837,0.6700233878888863,0.6261632842571005,0.7012645834040755,0.6985915952534262,0.6992218658370064,0.6989167220940866,0.6415817068132407,0.6446035263643762,0.699011020563274,0.6993625152492672,0.6997950132527126,0.6969215202894038,0.6888090301551419,0.6895361918177216,0.6865925026633869,0.6873301634269303,0.6950411591635973,0.6932225654722097,0.6958095589671014,0.699520868477046,0.6662322969834333,0.6610461658699894,0.6061605378244826,0.6964981061267664,0.6819034819084315,0.6586899886307412,0.6928535666221893,0.681447661587447,0.6568476713643749,0.6224102864628349,0.6374567953033506,0.6212806681507825,0.6961474310776963,0.6964827079551275,0.6939522138547769,0.6950519596870622,0.651893646805675,0.6513700658990506,0.6923750802163848,0.6900852708971656,0.6903021989864688,0.6370149408069335,0.6240341309126111,0.6380615406831921,0.6311272392879022,0.6419103655370961,0.5497347616865547,0.6624467272504575,0.6133629293789847,0.6642578532570234,0.6091932839280355,0.14106026964858248,0.17651468255913677,-0.007322328877145526,0.6584973725368775,0.13828464807565036
shifts,0.6864797292491285,0.6911114841783222,1.0,0.7729286491492543,0.15366629647415703,0.1135376127263953,0.19962180307131555,0.0803240190689989,0.1724002185894287,0.08898739328458492,0.7962888471060366,0.9115600724510895,0.8668906177923617,0.9110423196091516,0.9128951183347475,0.9112433424211093,0.9154014388744031,0.9122862231214176,0.8682411235674068,0.8663089062052823,0.8676691728465452,0.8101735188615505,0.8220002602096774,0.9061486472189066,0.8859171756606643,0.9047213734954366,0.921833640689735,0.876586333354712,0.7161627538571652,0.7814045448033797,0.40957445261802283,0.8800864913415827,0.6890173391287666,0.8865965674668512,0.9060462854768866,0.9062934818135179,0.9144127278936062,0.7673126510824856,0.7044777257787574,0.008777250793375673,0.7295739072781204,0.8065761225393994,0.8749373088924656,0.9153300683917882,0.7189318835855769,0.5334604600140443,0.8956450762024836,0.7160020905354461,0.5192248941812263,0.6742830717400127,0.4714012690692765,0.36152551228138413,0.9210997366572179,0.9142060131397649,0.9135282220335826,0.6412491569439305,0.9096045218223872,0.7338638600837796,0.6017618601854372,0.8839511010498143,0.883466656695326,0.8833881914746066,1.0,0.9344095758375479,0.963271726360969,0.9761486108067943,0.993626082212891,0.9557522374282734,0.9671947829146779,0.9757780522359235,0.9954815051761675,0.008777250793375673,-0.0030815243361324144,0.6823055311241263,0.7044777257787574,0.6511901666131049,0.7351238832157645,0.9202928607246326,0.9804833481231502,0.971828295435554,0.9729688974197256,0.9713208110150425,0.9724752943395562,0.9793250106438623,0.9734673908389075,0.9734541053815001,0.9815161946841621,0.6985961036419653,0.9320029467010027,0.8373996844933465,0.9812373414142239,0.9621804380129837,0.9311033710738617,0.9797961445642115,0.9610061835705616,0.9272532345952792,0.9102991327596611,0.9244408638965345,0.8615087646127233,0.9804779409008049,0.9809111304649724,0.9801003519943634,0.978712320364416,0.9181385439302101,0.9190946936147272,0.9749386715483898,0.9743737569334923,0.9748775887221415,0.9848218926230442,0.9756944417727004,0.9762791157257555,0.9742594130908825,0.9748538919956633,0.9828469565930165,0.9804229092104502,0.9688862651972673,0.9854612710592887,0.9491949096232447,0.9352526588245825,0.8487703308941184,0.9852407252072684,0.9617358916106021,0.9371311953722158,0.9816055091850026,0.9607847848203718,0.9376756539322078,0.9079079342167905,0.9005976128637474,0.8617527819739382,0.9836376434196064,0.9849258352319741,0.9834890061848448,0.9815532442337871,0.9346412848552115,0.9360743675672756,0.9769800010258323,0.9755405067638291,0.9758130940446428,0.9472651140764894,0.9513229994340061,0.9579301927764817,0.9595386909743028,0.9282342569456739,0.7795017766935292,0.9639682480479831,0.8855881305811204,0.9598198229548042,0.8717284599681898,0.1509138624138757,0.2194169797538057,-0.028534629066087242,0.648158313214724,0.07638572644462303
gameScore,0.5800636175626963,0.6045822724110863,0.7729286491492543,1.0,0.26938095608122486,0.17689984876382422,0.326831992401543,0.11915793012588274,0.3381027420855099,0.17928006608225175,0.47384158610719207,0.8819217772792236,0.8682541971082277,0.8826329018672442,0.8773444807231986,0.8789185239552398,0.8807262716307344,0.8792957994164663,0.8678638038045177,0.8699318830443985,0.8695711012598298,0.8382397383664711,0.8225692839310056,0.8858960718467417,0.8230659241020815,0.8370959652884946,0.8771008423820957,0.9067851174170117,0.7839594478567345,0.7927145986846916,0.4460679731448034,0.8377071845190733,0.6714033738849416,0.8668313044314123,0.85188046218195,0.8810840212191273,0.8772890906991169,0.5370789910293016,0.4641308647602245,0.024894960772767108,0.42108712019331707,0.7952774311453163,0.7314426730981614,0.8784130775209306,0.7381166532694802,0.5421073910439682,0.8851879658120756,0.7384502210864677,0.5352335098698935,0.7408851222334362,0.49570203716440314,0.4170742877269287,0.880455642592368,0.8810256738612382,0.8835197132329655,0.5786004783854758,0.8834954001905965,0.7560137327557466,0.6024355422443598,0.8792824749817967,0.8811626851464606,0.8800334156809674,0.7729286491492543,0.8414863053194066,0.7266702526277932,0.7777612793101515,0.7441355944845391,0.6967900928401637,0.7411027350934408,0.8011574969769799,0.7690628910347925,0.024894960772767108,-0.023766967097667634,0.5637618123798461,0.4641308647602245,0.47518012057648534,0.5885525660172843,0.6682931348439823,0.8505687446168796,0.852137413382168,0.8512031562961997,0.8541609004150345,0.853199584607711,0.8530350821546581,0.8338772221408643,0.8363262785720289,0.8492045277968538,0.6481236752668245,0.8284978962023118,0.7565806756794844,0.8462627160304734,0.8480562372025555,0.8203480054400515,0.8485727596839735,0.8465219421745667,0.8225698622792355,0.8275306485527919,0.8236520186989871,0.7786609912900109,0.8531102373856034,0.850592778309975,0.8534706349417522,0.8524413800874328,0.8224305976776629,0.8226913184073352,0.8505867250420768,0.8526160107936356,0.8517540311285398,0.7479729760619078,0.7495869016897738,0.7501138278106982,0.7456708193652963,0.7462072812581236,0.7478318856307301,0.7327340436688446,0.7200092490733916,0.7427929616404643,0.7001231305773382,0.7252848785203516,0.6476274818403529,0.7404473689205232,0.7436123817347016,0.7302705143187737,0.738973850510638,0.7466075024517955,0.7293435924592634,0.6376102938540932,0.6869719254026706,0.6511015290436487,0.736229241924388,0.7457853765248178,0.7408968473639662,0.7462188662567024,0.7179607420984266,0.715941269921422,0.7500122422866331,0.7459644056183085,0.7465129629650148,0.7224889342847447,0.672974424633629,0.7220038187377033,0.6753031548585442,0.7050804353012524,0.6113274353470132,0.736695254827913,0.6863477282831987,0.7351768733295236,0.6767767436989045,0.2559522270704325,0.25580878958896913,0.0031905416932788014,0.57133691550249,0.3184742590858939
onIce_xGoalsPercentage,0.11362586910873844,0.11509406022046939,0.15366629647415703,0.26938095608122486,1.0,0.06316814830686647,0.5179270590617836,0.1933246779030932,0.7726137222201152,0.17743106450376853,0.1210612159681743,0.1801534361567564,0.17464806288350698,0.18175974585594684,0.1812864109540053,0.18096103488516296,0.18132772049649953,0.1793166743177875,0.1740656538229532,0.17573763852262073,0.17534101785244233,0.15450895752713636,0.1783257095451429,0.17999919353077837,0.17403194633551605,0.17935001828316832,0.18259967468285765,0.1747187064260809,0.1301895995974847,0.18043100123512504,0.05755546707569884,0.17301156562900646,0.1413362309768563,0.1918856122001646,0.16332869622021817,0.18074145304919048,0.1815512726576491,0.10606626394159949,0.08925625833523722,0.03755243733867014,0.08481857685496873,0.15482820545973938,0.12404087637992332,0.18164194600767605,0.13669379659590056,0.10564547659783967,0.18356596390663224,0.13944447746281094,0.09860859421341966,0.12536526079738589,0.08636079091008335,0.05305338222043399,0.18522582098746507,0.18102278111630513,0.1828386494790014,0.09971651592160669,0.18209286329266713,0.17406244659460482,0.1326702761196913,0.17576117076817682,0.17708971350516697,0.17629488089119982,0.15366629647415705,0.18358437502604283,0.13182691731626434,0.15474534651915633,0.14741233329469383,0.17593386741241712,0.13369367745780678,0.15762123149837487,0.1481754970136549,0.03755243733867014,-0.02219395788693358,0.11189945532561006,0.08925625833523722,0.08449474776179806,0.11003051535164418,0.12296828930988903,0.19720790190287374,0.20409732332029923,0.2028204770541311,0.20567640260539669,0.20437283781933513,0.19687096791235262,0.19225123596299265,0.18521491152311106,0.19403321424100062,0.12375063493932097,0.2161192185713121,0.18945167888714154,0.19187363835243387,0.20255926637639068,0.21077355780092186,0.1918245881313178,0.2025745738100234,0.2145679893563217,0.16728448884247832,0.18268333279540283,0.19176794533986594,0.1972450291833941,0.1962533599691106,0.19859232002345484,0.19929436403982043,0.22242007039665945,0.2240375083508667,0.19732352722029672,0.19889144717050555,0.19828532703781684,0.11079285152755043,0.09586060789011196,0.09708106150341497,0.09329065668143954,0.0945357215358113,0.11118477745975522,0.10785042707165379,0.1261318059939126,0.11496733099900502,0.09215681195439893,0.07556392949935163,0.07029593746795368,0.11681914035953901,0.09262812721940819,0.07549894732790545,0.11089223907036577,0.09185076304654241,0.07432021609969741,0.09161585930785003,0.08764925544748269,0.07722236945728557,0.11041334113761406,0.11058220176457337,0.10721523941545757,0.10386324730322158,0.06497820509625282,0.06430178680057486,0.10276427025121328,0.10008090116581272,0.10078875355713551,0.1694328882143746,0.11994154742885563,0.17163661006730688,0.1264729266398206,0.145904171305697,0.12185700467279871,0.16061410969071607,0.1398229157436269,0.15811263123954844,0.13578021526399464,0.40237693459124885,0.22887802043577665,-0.06877559021003027,0.17500094490785612,0.3243648744855175
offIce_xGoalsPercentage,0.10408356375835362,0.10147310073546144,0.1135376127263953,0.17689984876382422,0.06316814830686647,1.0,0.14799905657319795,0.49222973031187356,0.18192171240849653,0.807326221400948,0.1242192062183866,0.12475311997544802,0.10808640653901762,0.12217644380625683,0.128318803245198,0.12505834261463913,0.12611689599225495,0.12469158488793386,0.10761419307134905,0.11057513970474406,0.11008545619841312,0.08168860826991008,0.11515245310469624,0.12295496522455027,0.1258899102096267,0.12886178108093277,0.1282169816609499,0.10126456118179573,0.06839029863540015,0.10448917553857015,0.025131908393759922,0.12459351836530236,0.08953671640620836,0.14111296607486626,0.11064510434348926,0.12467614888727807,0.12702188492408212,0.08225327557344955,0.08598249266591473,0.04644416600849925,0.08788873629919422,0.09483639180515473,0.08250089989589707,0.12805611197469727,0.07369424323305851,0.051574621472112656,0.12171354082752056,0.0758362972898415,0.044665697916322904,0.07371792783829398,0.036503800857626174,0.009510587299925764,0.13341009368284487,0.12573019986869013,0.1297931504385404,0.09902695705718027,0.12171667472481582,0.10214483305073145,0.07345076412425883,0.11223845189295292,0.11483408870917777,0.11423557516471536,0.11353761272639533,0.13827841012270925,0.0792125244902899,0.11240459575235856,0.11234923200263656,0.16210130900268926,0.08981574387263627,0.10711694919090511,0.10664851995895148,0.04644416600849925,-0.01784778173684745,0.10386646467802346,0.08598249266591473,0.07889430970146624,0.07404142255273817,0.07170490486211414,0.1443325812159814,0.14326282354739486,0.14265730292689793,0.14625874021177712,0.1456477941264784,0.14271051776769336,0.14521718531380912,0.13419645030113111,0.14184387616820665,0.0994424995965939,0.1432493920205558,0.11306778093722877,0.14312233473069114,0.1432066272052744,0.13959599986076324,0.13901595285321638,0.14313523588380886,0.14249749130921735,0.1084309033853614,0.119048314812775,0.10359583420655438,0.14779650238394365,0.14385582384959533,0.14837057452418298,0.14328245280538165,0.14719469428636736,0.14444694233861283,0.14170388999748168,0.1447826922345145,0.14447564766358997,0.07569923926583302,0.06834120856453717,0.06906363842492594,0.0646284749004282,0.0653367251431648,0.0740804236920099,0.07364828497684792,0.08047152985027112,0.0760813340787412,0.05805126891578489,0.05809404331284181,0.059687089941519854,0.07644009185475727,0.06267122655344586,0.07579255460632313,0.0671943646693982,0.06276375957811596,0.0756190289328603,0.04400651823147187,0.053927232013249914,0.07492241163104434,0.06916648458936753,0.07416883094841135,0.0689513060842219,0.07039084144430732,0.05496001457270142,0.05501704928122502,0.07106421554322512,0.06707185900278685,0.06765631157436902,0.19163165462008158,0.04906943124982675,0.17854541530384876,0.06791101124468918,0.1477917195899686,0.06688787486618161,0.13859868543755582,0.08762236739988834,0.14529451394731344,0.07899484878075165,-0.19870933560784515,-0.004763908352384657,0.03624784105983416,0.12455130380043039,0.026144668180932442
onIce_corsiPercentage,0.21201714019759313,0.21143300900858628,0.19962180307131555,0.326831992401543,0.5179270590617836,0.14799905657319795,1.0,0.4046512905375623,0.7270749308599955,0.26957974669950885,0.13812159318484382,0.2566714778614791,0.24911232897694446,0.25890420537490194,0.2550422799725836,0.25665934634609144,0.2586267985711624,0.2567706407921177,0.2489645701467954,0.2497622599999919,0.24974695242715544,0.21081750589871384,0.23121993155386067,0.25507086188648653,0.25075908003984504,0.2525567920449605,0.2590830038448772,0.2429042853670197,0.21285067599759713,0.24235168590205466,0.12353905889139784,0.238586947501744,0.21945381765717165,0.2673799591236391,0.2392358320259276,0.25444611982852383,0.25734776324162845,0.12088222183492019,0.09195264613436209,0.05231788518257945,0.07931541965496301,0.21664889140705756,0.19400080859139773,0.2576547624787119,0.20955511178719205,0.14663646115280807,0.25845170896703523,0.208976335704783,0.139582933781684,0.20417396025651388,0.13165231284722118,0.1054342142927195,0.2601721445152948,0.2577484840585663,0.25854443250874765,0.2105890880685328,0.25915903596037826,0.23518556076388292,0.16570400149688008,0.2541999615721652,0.25508371875781755,0.25418199678207104,0.1996218030713156,0.24471728401150722,0.16795208878731943,0.2017280320898311,0.1908287174568086,0.20371212234904848,0.18279506837207257,0.20799746388172466,0.19512613492148248,0.05231788518257945,-0.007136889797173892,0.21112293787643124,0.09195264613436209,0.08791821322587963,0.12757198338526193,0.14273543523944238,0.24491704079833923,0.24480170402286314,0.24390707353206967,0.245355914755722,0.24443327051955863,0.24566997086384257,0.24084408486027847,0.24152904384805624,0.24487383102497234,0.22778968878516198,0.248186307205694,0.21459124710610883,0.24452657329577615,0.2410891121337634,0.24038449522852845,0.2429601496235252,0.23968423815705084,0.24336320723517604,0.2179528681593717,0.21451059780972395,0.23220016440042412,0.24610202183445604,0.24515472027939705,0.2459319331805066,0.2449466786387653,0.24845767163060384,0.24796447480137157,0.2418745429018081,0.2423765906430915,0.2417974848027673,0.17002762206500724,0.1733745578270121,0.17391618387388208,0.17193506399350592,0.1725050789242082,0.17130122479656523,0.16037068872676538,0.16222382021136542,0.1679277900827294,0.16982241908433285,0.15856963714563146,0.15572517774587405,0.16582649049182277,0.17194615735417668,0.17629215254881006,0.16576754324763812,0.1728980675474399,0.1761981382683208,0.14647778487092086,0.16669256425372303,0.17213995402138474,0.16548754013214415,0.16878684309759306,0.16707002967642356,0.1689476984040132,0.16104771200861565,0.15815525050837773,0.17433220071847888,0.17281753730064672,0.17337455438252466,0.207959176992061,0.1718745226800327,0.20848120629929529,0.1693513548719125,0.1929178557767937,0.16425999649399445,0.19195613132981862,0.17348637494688884,0.1919117610462008,0.16987214892170302,0.7543691668235255,0.27905327946113495,-0.00961144043890102,0.22851192964566489,0.7617078557131903
offIce_corsiPercentage,0.11951252128679303,0.1112421551689942,0.0803240190689989,0.11915793012588274,0.1933246779030932,0.49222973031187356,0.4046512905375623,1.0,0.26465893584993916,0.6239946185289243,0.05945893191746471,0.08810451204138935,0.08198185121306774,0.08907932610440097,0.09048865033938218,0.08903493489190858,0.08960393590697317,0.08763161578087114,0.08123811349669587,0.083952708059481,0.08326609978503915,0.04489902797038038,0.09108365576279484,0.0846886607492626,0.09564728531584282,0.09043238903223783,0.09067559735416617,0.07178891736410402,0.05252802042726961,0.09484178679989659,0.029982528096408702,0.09286228378326043,0.09350136488909443,0.10045558647767146,0.0697998258651554,0.0855536589009541,0.08999625778312922,0.060274152530343295,0.05816229854460946,0.11775182503006386,0.0645179732788932,0.04824759262491047,0.041245269630404494,0.0897511322615922,0.060871479066329046,0.06589223019082185,0.08518052705517545,0.05838550252374218,0.0617716735769639,0.052268257947082106,0.029185427912527814,0.023537303766769723,0.09374266021727544,0.08924652313885179,0.09170985465965588,0.09764227127109101,0.0885730245450732,0.09948553776529229,0.08383809412067023,0.07991039072022155,0.08185085583456389,0.08118659389917428,0.08032401906899889,0.09892388545088865,0.0604033503966819,0.0948630784941986,0.07423434720156431,0.127161874382682,0.056562198890750384,0.08282397022755796,0.07265864033067912,0.11775182503006386,0.03490456512601795,0.12230010499515749,0.05816229854460946,0.049080304395946246,0.04427149216257071,0.06287478434020949,0.10134618208912254,0.10226433597277113,0.10188982579495733,0.10400512631502837,0.10360684539130137,0.10048259186030987,0.10211339564069596,0.09637394213457136,0.10030730776967464,0.11152658378130811,0.10727393716261108,0.0834130728026332,0.10032574889934463,0.10162814093348047,0.10088062801394135,0.09822308939644626,0.10108739770525116,0.10501072521605,0.08057738206187579,0.07606406127713745,0.09385128534723293,0.10347433776444435,0.10125250872419986,0.10364115357225287,0.10107033996736699,0.1078115099807973,0.10656215800464042,0.10014260608197352,0.10181783908664543,0.10149849417175451,0.05318566844304611,0.05219855957909408,0.05233545925609699,0.05041600667101922,0.050540124729286394,0.05187669624663215,0.04976184105766552,0.05564991358323781,0.052728078704716276,0.056702699215412614,0.036607073153824644,0.05856795680901143,0.051031261740740345,0.04812277102660785,0.06308947251811621,0.04696825800484253,0.048062374424520445,0.06418840553759411,0.04566552211584383,0.05344012556225768,0.06711966435332195,0.04908593756070625,0.05144248221442969,0.04874996486228636,0.05047283791518587,0.04628883490673059,0.04626849731252914,0.05291125193353884,0.050886348034185604,0.05129216606112364,0.1145529892074737,0.032041736249639595,0.11775490617263845,0.026427161834882435,0.096130848026316,0.05319527349928224,0.09659864444474724,0.0490944730920175,0.0968596528893476,0.04440551051419411,-0.29504846369722887,0.08319896200689354,-0.05716530924384616,0.09094882689482406,0.2425111435533425
onIce_fenwickPercentage,0.138598358345959,0.1392604908793711,0.1724002185894287,0.3381027420855099,0.7726137222201152,0.18192171240849653,0.7270749308599955,0.26465893584993916,1.0,0.3030182104850579,0.13516158597347785,0.22766352544948254,0.21594253487954704,0.22806504122053448,0.22833664033107612,0.22814119692027363,0.2290830254483228,0.2276194512678885,0.2153289592043155,0.2170179409392961,0.21658161565911838,0.17724925870399913,0.20061757253905646,0.22620354694042555,0.22271616719736426,0.21723839812931442,0.22764702751596136,0.20452415854354938,0.1703258897765406,0.21285448106025692,0.06941665299209568,0.21869234580821245,0.1682087686982317,0.24355413843656634,0.20780754290201836,0.22673925360436728,0.2290993171977681,0.13228712949861773,0.11361114882798859,0.04003150906137097,0.08855260196561247,0.18373552229145362,0.14084232696555496,0.2298061187693717,0.17113328373425257,0.12070757443646733,0.22914280992268518,0.1735177155063874,0.11190767750788823,0.1660980417889192,0.11312591786734902,0.06052051173940735,0.23031270647321916,0.22867774969443566,0.23062063252855547,0.12933766920236853,0.22830988785701375,0.20051938383824025,0.14895895767135292,0.2202286743032486,0.2217880957521591,0.22076762663728292,0.17240021858942872,0.2238902067304058,0.13280473091454673,0.16841392278958153,0.16649589153921793,0.19799882364582921,0.1421665842024003,0.17796291975376566,0.1675010806648674,0.04003150906137097,-0.0049446938416495695,0.1369346117199323,0.11361114882798859,0.1017784167880557,0.1304650292839705,0.12321162061343553,0.2324250814526093,0.22898247730530438,0.2278297920172532,0.2304412111264181,0.22927589799077497,0.23185234813780525,0.23080912910614104,0.2160559496061814,0.22890880815399256,0.14790714599663524,0.239253304387975,0.19295690745972,0.2331270971801547,0.2246935059094456,0.22239234648287284,0.22862785580585748,0.22373635068949788,0.2263391634738582,0.19136379249164956,0.19660794662630607,0.19595866486169722,0.23203593456688187,0.23232132295325642,0.23459191137679422,0.2304411547417865,0.2388501826608731,0.23975212346541674,0.22481830101311936,0.22639565379436852,0.22569759409347323,0.11820113222366457,0.1183833526857277,0.11906292947009729,0.11588186386555666,0.11658378637812424,0.11885801966897279,0.10921855658181394,0.12898407984527707,0.1201865471052037,0.10750306808842477,0.10875192033642556,0.10425983563932371,0.11535332106081789,0.11542891466712975,0.1222867399274875,0.11316376564072544,0.11675698217401513,0.12250700392624701,0.08611873130616426,0.10764504311299648,0.1167293434703832,0.11567193558076316,0.11655075040441472,0.11324156796285521,0.115134573937958,0.10574760349880524,0.10460591780079469,0.11961495951598813,0.11693347587619908,0.11760956693599628,0.19624742645010565,0.13517893738004305,0.19849547223191322,0.13623909585352686,0.16679041004214584,0.1433109000487813,0.18323796725908736,0.1517830558496347,0.18268004609727415,0.1501143956147749,0.5696973548416518,0.22898115983311101,-0.07278526506026949,0.2162017795454325,0.4386435791603364
offIce_fenwickPercentage,0.10093195802858168,0.09534394936281722,0.08898739328458492,0.17928006608225175,0.17743106450376853,0.807326221400948,0.26957974669950885,0.6239946185289243,0.3030182104850579,1.0,0.08668134334287558,0.11166387502768156,0.09685019203410734,0.10965799967256003,0.1170601103671269,0.11252806262479448,0.1131649812462382,0.10941145548511036,0.0958270635581676,0.09941212115791859,0.09837909154587007,0.06455034718545867,0.09438709138892716,0.10926256317762971,0.11439700301668607,0.11117836044186195,0.11337262328032886,0.08168926272719508,0.05478208388059325,0.10290747493834833,0.03144891398593701,0.11727050198890417,0.07787939065446438,0.1264775061093505,0.09515866840226747,0.11114627609889353,0.11390087130225081,0.06725156828983764,0.07264744462962335,0.0589585133257011,0.07156034821913483,0.07356104417530043,0.04104852538163296,0.11480547763541381,0.05917673239271039,0.058202276934234236,0.10906700066782626,0.06261028601177858,0.04870229024161361,0.05974493108417863,0.025466062913627033,0.010825924723578918,0.11874880031802888,0.1124768109213524,0.11670747506655182,0.08404063232092084,0.1094544377622252,0.09403375414835169,0.08185876321408168,0.09809006363207705,0.10082349187013778,0.10008438667267129,0.08898739328458494,0.12573665092561448,0.05033685972313954,0.09110702405098814,0.0863742452357466,0.14901205595915512,0.04969069821363634,0.08085202557894637,0.08397296250921424,0.0589585133257011,-0.003069218629934652,0.10235748476478031,0.07264744462962335,0.06714180709275523,0.06115254302731129,0.046163490323873346,0.12942493732631905,0.1281792262835474,0.12735545436365023,0.13124233051063852,0.13042428784795398,0.12776449445977198,0.13136222934256606,0.1179318705416171,0.12672542729482014,0.09149063283657742,0.14033213863515107,0.09956150658749692,0.12881050112409603,0.12671450524187203,0.12802934226420395,0.12333834625624805,0.12647201311108994,0.13173972369282488,0.09146271598339725,0.0947215924566741,0.0920326712374719,0.13293045055841193,0.12915810228026325,0.13390422691135478,0.12743711752924342,0.14104457870474804,0.13833166743030967,0.1247225048102809,0.1279476957863567,0.1274726600120272,0.04583764432717249,0.04274023272473153,0.04324265632538943,0.03913533631235865,0.03962431380050579,0.04459542826616834,0.03988967121865887,0.04678838904347872,0.04446828234577101,0.030527584812615603,0.03973988401753889,0.044958458326834136,0.04426641076905615,0.03427829431270927,0.06067922388225835,0.03780200355304217,0.03536338930953778,0.0602576446864065,0.011891204471826481,0.029609473421833843,0.05684730333149174,0.03754933711388842,0.04343160463357501,0.038218324804134375,0.041461998951774055,0.03875177708939976,0.03857755520060778,0.0431935912905602,0.0392179986828179,0.03983216011437046,0.16370740799243816,0.024006099067115476,0.16084189806754295,0.02187663549206739,0.12320075969176807,0.05476153980591157,0.127315069263695,0.05781956208842387,0.1338755082970456,0.051998982501533494,-0.1662631705086877,0.022966930292158745,-0.03582066530406479,0.12184342458297748,0.07931025165842549
iceTimeRank,0.5004369278610332,0.4680573795887904,0.7962888471060366,0.47384158610719207,0.1210612159681743,0.1242192062183866,0.13812159318484382,0.05945893191746471,0.13516158597347785,0.08668134334287558,1.0,0.6611699692705872,0.5995582231799654,0.6569495376403578,0.6678817841051845,0.6618229768074685,0.6671615601464416,0.6631459532219885,0.6010339751181667,0.5992339518352786,0.6007856672912828,0.5477106116435613,0.5649767353594063,0.6510384174774133,0.6646160110187153,0.6730849010031562,0.675509369220002,0.5916974860711885,0.4663775364242199,0.5613257885123584,0.21616085867839274,0.6378274732145723,0.5115842128503567,0.6538171905154527,0.6591002533186884,0.6539893713303823,0.6675970657861559,0.6656054368387083,0.6517059730138143,-0.01640443827973129,0.6827172255899413,0.5261334468201486,0.6520174257615474,0.6707177915063615,0.4625054628619413,0.3611724764209383,0.6381597356860947,0.4597175039002097,0.3377688089733498,0.4627581499550916,0.2751541885018737,0.18854322168534493,0.6753092982781207,0.6651519176807733,0.6649117388260153,0.43109137090992056,0.6546763182526063,0.5249518433136386,0.40271848739570837,0.6188554047681436,0.6186074806140915,0.618446748422705,0.7962888471060366,0.7023835631284432,0.7080780664984446,0.7205272782638708,0.825068205892329,0.8005223860991882,0.8068080062613765,0.7177243731292811,0.790038470374479,-0.01640443827973129,0.00020253739702746513,0.5170368730811918,0.6517059730138143,0.5999485001969802,0.6155484657071938,0.7166311587190419,0.7397425215440372,0.7269269235534022,0.728371727177385,0.7266059489742566,0.7280675243765685,0.7357212203326736,0.7422436814880938,0.7361359711900036,0.7408009667035361,0.4614745692148779,0.6996182673172886,0.5942258809525892,0.743929218974276,0.7131323322727141,0.696748437728652,0.7381887645916141,0.713550008880471,0.6943600634827339,0.6623533761927783,0.682692353775571,0.6172887444404321,0.7402220745727225,0.7398844467901686,0.739389959705047,0.7358455058006539,0.6919933740060481,0.689081044116712,0.7294015588854368,0.7290571439559386,0.7298437872679806,0.7536567272744696,0.7433645371877311,0.7439883952859305,0.7422464451973856,0.7428775718856662,0.7519583021639215,0.7509190274446987,0.7491971280665557,0.756101283169021,0.7313648486799234,0.7161902135817004,0.64331288161678,0.7567640318243367,0.7241142690219112,0.723490117795587,0.7492085115326723,0.7235163327363704,0.7264831231206644,0.7149892454555994,0.6783646658750493,0.6648234665250685,0.7546482942781562,0.7537720184786474,0.7526376576422771,0.7478791621608021,0.7192038949848328,0.7211457614855542,0.7426922346562106,0.7415343441194481,0.7418734129516087,0.8995705620378951,0.8968590022699402,0.9077260745428801,0.9053857345254295,0.7419796606067768,0.6615473046393844,0.7619392082546479,0.7365775829016985,0.7587182587279611,0.7261928512497217,0.10163349960710169,0.1594876884509752,-0.0298718375360986,0.3295465048100626,-0.013319307128958596
I_F_xOnGoal,0.6612394429787831,0.6779187600028656,0.9115600724510895,0.8819217772792236,0.1801534361567564,0.12475311997544802,0.2566714778614791,0.08810451204138935,0.22766352544948254,0.11166387502768156,0.6611699692705872,1.0,0.9693600508341418,0.9974114416118408,0.9983076358672559,0.9985624525703436,0.9989951755775309,0.9983820371447747,0.9704110015365041,0.9690701319931184,0.9701251377098001,0.8439982189369156,0.8221395927445184,0.9940947265894883,0.960837403852541,0.9448344727793906,0.9935913907648266,0.9128162239121494,0.7981266217508939,0.8628006278715795,0.4790955290409898,0.9549892408069491,0.7753141131272243,0.9779370628309786,0.9827724928445174,0.993517287338893,0.9992540849871084,0.6982958580141673,0.6321224922845202,0.0011803462860334633,0.635178110783931,0.8412665019008665,0.8595528600332959,0.997879709600191,0.823703428445797,0.6034058614774438,0.9910853893990281,0.8192740655158693,0.5937551302041905,0.7491697286920596,0.5259736954756041,0.4113919296211339,0.9936193601656848,0.9996584716511505,0.999499911279623,0.6503829932448447,0.9970079642329839,0.8146207324580105,0.6753810548812362,0.9837524479685862,0.9836742755729194,0.9833914632030544,0.9115600724510895,0.9003762603848314,0.871839993155232,0.8959893848545918,0.8967483422819265,0.8537569779500761,0.8941288019105605,0.910981082681079,0.90364895308231,0.0011803462860334633,-0.035509790395168675,0.6508816134093659,0.6321224922845202,0.5987730691230078,0.6937132269155414,0.8299676071737181,0.946231075619311,0.9441048801172569,0.9442691342638525,0.9439391804761263,0.9441066747551412,0.9457274458011803,0.9376722306517312,0.931688396860373,0.9452967661071311,0.7040426274489436,0.9174846360402441,0.8131309053467317,0.9441482354660191,0.9344464452112348,0.915175752134161,0.9432535878806474,0.9337024015788662,0.9136220852230753,0.8762858591246527,0.8987642877568296,0.8364851840240005,0.9452250922938535,0.9466066156614632,0.9463831142722745,0.9456473530080489,0.903581001060282,0.9036306664180089,0.9441444390240662,0.94398165069249,0.9439297451907083,0.9117683935113299,0.9136845473923166,0.9140914151390876,0.9121663851834141,0.9125806378360458,0.9124775677863848,0.8960927457122985,0.8840257524338906,0.9081205719275408,0.8841906148744307,0.8811979431733871,0.7820189494629911,0.9050165936660274,0.9048149822365398,0.8891372445536451,0.9066796298506402,0.9055308098731958,0.8875121833142581,0.8324410174320744,0.8565656916749995,0.7944084913859336,0.9057190025773003,0.910538151516929,0.9088182235614702,0.9113638557604239,0.8742565067237759,0.8734625209293863,0.9143008167976012,0.9127063525633062,0.9130081785265325,0.8691697692319718,0.8572030960348426,0.8689493844618446,0.8553408715032988,0.8300568771107629,0.7165112632750062,0.8571150373688106,0.8006382810869391,0.854013480857804,0.7901830021506738,0.20493683556814424,0.23424012252520796,0.011896685556853945,0.6267724287601212,0.18925450066364366
